# captura fs=20000 n=400 emision=1
2029,1971,2042,2027,2029,2030,2027,2025,2054,2073,2038,1968,1921,1975,2033,2010,2046,2173,2187,2087
1994,1897,1904,1946,1939,2077,2182,2109,2037,2059,2025,1951,2001,2046,1987,1971,2043,2073,2071,2070
2013,1989,1971,2005,2037,2064,2062,1961,1985,2096,2123,2080,1974,1930,2007,2038,2031,2021,1959,2070
2134,2100,2032,1898,1959,2064,2080,2043,1942,2042,2196,2100,1905,1889,2016,2131,2026,1904,2012,2224
2078,1842,1968,2170,2086,1947,2004,2027,1984,1989,2033,2028,2061,2046,1998,2001,2047,2038,2018,2027
2058,1998,2032,2061,2034,2013,1994,2021,2058,2058,2027,1994,2000,2058,2063,2016,1993,2016,2062,2070
1991,1987,1999,2055,2064,1997,1982,2034,2064,2043,2000,2003,2065,2064,1985,2007,2059,2032,2000,2037
1968,2011,2022,2058,2027,2009,2033,2037,2021,2032,2031,2018,2029,2032,2027,2023,2026,2025,2021,2029
2032,2028,2029,2029,2027,2022,2029,2023,2027,2028,2027,2023,2026,2023,2024,2023,2030,2031,2030,2026
2027,2021,2021,2020,2032,2033,2032,2030,2021,2013,2021,2031,2029,2029,2025,2029,2030,2022,2030,2032
2030,2021,2025,2031,2022,2023,2027,2028,2030,2029,2026,2023,2023,2032,2030,2030,2028,2025,2019,2031
2065,2032,2028,2026,2022,2028,2029,2021,2023,2032,2033,2029,2027,2032,2032,2025,2019,2017,2020,2026
2032,2027,2031,2032,2031,2027,2017,2023,2027,2022,2025,2023,2030,2032,2030,2026,2026,2025,2026,2026
2026,2018,2032,2032,2032,2031,2027,2027,2028,2027,2019,2019,2025,2031,2030,2027,2025,2023,2023,2023
2018,2023,2031,2032,2027,2017,2030,2032,2026,2018,2023,2027,2032,2029,2026,2021,2027,2027,2018,2021
2022,2035,2029,2018,2021,2025,2029,2026,2027,2032,2031,2026,2020,2029,2032,2027,2025,2027,2032,2029
2023,2023,2027,2031,2025,2030,2026,2025,2023,2029,2029,2027,2026,2029,2029,2031,2027,2024,2023,2022
2019,2027,2031,2032,2031,2030,2027,2023,2019,2027,2032,2026,2032,2029,2025,2022,2032,2031,2029,2025
2042,2032,2027,2029,2031,2030,2027,2025,2032,2034,2030,2017,2020,2028,2032,2031,2028,2030,2025,2026
2030,2030,2029,2026,2022,2027,2027,2025,2029,2027,2027,2019,2027,2031,2032,2023,2023,2026,2031,2027
# fin