# captura fs=20000 n=400 emision=1
2027,2029,2025,2025,2027,2025,2027,2026,2045,2079,2037,1969,1916,1974,2032,2003,2042,2166,2182,2085
1989,1893,1906,1938,1934,2073,2176,2105,2045,2064,2031,1952,2000,2034,1978,1966,2037,2079,2092,2081
2000,1945,1968,2039,2062,2045,2085,1985,1949,2061,2096,2059,2006,1970,2018,2061,2011,1936,1957,2118
2135,2107,2064,1863,1885,2112,2128,2028,1950,2038,2128,2015,1938,1939,2055,2162,1989,1813,2061,2262
2081,1863,1923,2133,2137,1993,1969,1975,1995,2058,2057,2009,1981,2003,2061,2102,2046,1967,1939,2064
2095,1995,1937,2019,2082,2070,1970,1978,2090,2109,1953,2000,2073,2027,1987,2033,2038,2009,1978,2064
2009,1996,2027,2031,2017,2029,2026,2014,2032,2035,2029,2022,2026,2023,2025,2024,2020,2017,2032,2032
2027,2020,2016,2030,2035,2023,2023,2032,2023,2019,2028,2029,2025,2033,2033,2019,2016,2023,2019,2029
2032,2032,2028,2025,2018,2016,2022,2030,2029,2028,2021,2019,2021,2031,2032,2027,2022,2026,2026,2027
2023,2022,2023,2023,2023,2025,2031,2025,2017,2017,2023,2031,2029,2023,2019,2018,2023,2025,2018,2015
2026,2032,2027,2017,2018,2023,2030,2027,2019,1964,2027,2022,2022,2024,2021,2020,2018,2023,2079,2032
2030,2024,2025,2021,2024,2022,2023,2027,2018,2005,2027,2026,2029,2032,2032,2022,2010,2018,2020,2027
2026,2029,2032,2026,2027,2023,2021,2018,2021,2027,2019,2021,2029,2033,2032,2025,2011,2018,2023,2022
2025,2026,2030,2031,2031,2028,2021,2019,2030,2027,2021,2021,2029,2032,2032,2027,2018,2019,2033,2022
2017,2022,2029,2032,2030,2019,2021,2031,2027,2016,2018,2031,2032,2021,2018,2026,2033,2031,2000,2023
2023,2019,2030,2026,2031,2035,2021,2016,2021,2021,2031,2023,2019,2031,2032,2027,2018,1984,2032,2027
2018,2019,2028,2032,2030,2023,2021,2029,2031,2019,2018,2029,2032,2027,2020,2023,2031,2083,2023,2024
2023,2027,2031,2021,2022,2030,2031,2026,2025,2039,2025,2020,2025,2031,2023,2025,2028,2033,2027,2027
2027,2019,2027,2031,2029,2023,2023,2023,2030,2032,2029,2022,2023,2026,2025,2022,2029,2019,2023,2018
2020,2032,2032,2023,2019,2021,2023,2019,2031,2037,2027,2018,2022,2026,2028,2025,2022,2035,2029,2019
# fin
