# captura fs=20000 n=400 emision=1
2033,2037,2034,2035,2032,2033,2034,2032,2064,2085,2061,1985,1936,1989,2047,2018,2061,2179,2193,2096
2000,1904,1922,1961,1952,2084,2189,2116,2054,2064,2032,1966,1950,2064,2000,1988,2060,2084,2079,2078
2026,1999,1984,2015,2032,2069,2034,1974,2000,2108,2134,2086,1979,1935,2014,2045,2043,2034,1968,2071
2146,2099,2025,1913,1997,2109,2080,2023,1936,2032,2195,2103,1941,1920,2032,2147,2027,1888,2037,2209
2096,1924,2000,2149,2160,1981,1968,2016,2039,2017,2019,2070,2059,2044,2022,2011,2030,2074,2037,2021
2070,2032,1975,2019,2083,2063,2037,2037,2017,1999,2038,2064,2043,2045,2032,2002,2032,2077,2064,2019
2005,2013,2043,2063,2057,2022,2003,2038,2075,2042,2017,2029,2060,2064,2038,2011,2007,2035,2073,2032
2010,2032,2043,2058,2041,2021,2037,2064,2015,2018,2068,2045,2056,2042,2054,2010,2014,2064,2047,2022
2035,2054,2030,2032,2040,2036,2023,2038,2045,2035,2032,2032,2023,2032,2038,2032,2037,2044,2036,2032
2031,2035,2041,2035,2033,2034,2022,2032,2031,2033,2034,2039,2090,2037,2032,2031,2032,2034,2035,2032
2034,2034,2036,2032,2033,2033,2039,2037,2041,2038,2033,2035,2035,2034,2032,2033,2032,2032,2037,2037
2032,2035,2039,2037,2036,2033,2032,2032,2031,2036,2041,2038,2036,2032,2037,2042,2033,2027,2031,2037
2033,2032,2033,2033,2046,2046,2032,2026,2037,2037,2032,2031,2083,2046,2043,2035,2029,2032,2037,2032
2026,2033,2046,2043,2033,2037,1967,2031,2032,2034,2033,2034,2035,2035,2037,2035,2034,2036,2037,2033
2026,2031,2037,2042,2035,2033,2033,2042,2043,2032,2027,2032,2047,2033,2035,2041,2039,2035,2030,2032
2033,2038,2039,2033,2032,2034,2035,2037,2042,2041,2033,2032,2015,2032,2037,2043,2036,2032,2038,2038
2031,2028,2032,2042,2047,2032,2007,2037,2036,2031,2033,2035,2036,2033,2029,2031,2039,2045,2036,2029
2032,2032,2032,2034,2037,2033,2036,2032,2034,2037,2039,2037,2032,2034,2035,2034,2037,2039,2034,2036
2037,2036,2032,2033,2069,2033,2027,2030,2038,2046,2035,2026,2026,2037,2042,2032,2033,2037,2033,2031
2033,2037,2035,2035,2010,2032,2035,2034,2037,2036,2039,2032,2030,2039,2038,2032,2032,2041,2038,2033
# fin