# captura fs=20000 n=400 emision=1
2022,2021,2024,2026,2023,2027,2026,2025,2043,2069,2035,1967,1915,1974,2032,2002,2047,2165,2181,2084
1989,1889,1907,1943,1935,2078,2176,2103,2041,2061,2031,1950,2000,2038,1982,1967,2043,2069,2070,2080
2025,1989,1967,1997,2031,2058,2057,1968,1999,2109,2123,2075,1958,1908,1998,2032,2033,2038,1965,2067
2137,2083,2006,1898,1983,2099,2077,2014,1922,2047,2182,2079,1921,1909,2021,2139,2013,1881,2036,2209
2087,1903,1975,2138,2089,1936,1966,2038,2040,2005,1993,2019,2046,2035,2025,2041,2038,2018,2004,2015
2026,2021,2015,2018,2029,2033,2019,2014,2021,2031,2026,2019,2020,2021,2021,2029,2029,2032,2029,2020
2014,2018,2019,2027,2027,2023,2027,2030,2023,2019,2023,2031,2030,2023,2022,2019,2025,2026,2026,2032
2029,2018,2018,2030,2032,2031,2022,2022,2030,2023,2022,2031,2032,2032,2019,2021,2023,2015,2021,2025
2032,2027,2021,2018,2026,2023,2023,2032,2028,2024,2017,2018,2025,2032,2032,2014,2018,2018,2026,2027
2017,2026,2019,2021,2020,2023,2026,2028,2021,2016,2021,2025,2026,2017,2018,2020,2024,2027,2022,2020
2019,2026,2026,2021,2021,2022,2027,2028,2023,2025,2025,2022,2026,2023,2022,2021,2019,2043,2029,2022
2026,2031,2027,2023,2021,2026,2027,2023,2021,2024,2028,2025,2027,2029,2027,2022,2019,2070,2019,2021
2021,2027,2029,2023,2025,2025,2018,2015,2023,2023,2019,2019,2030,2032,2025,2021,2019,2023,2023,2026
2021,2026,2023,2029,2032,2030,2022,2018,2025,2028,2027,2027,2021,2031,2030,2022,2022,1990,2021,2022
2025,2021,2027,2032,2025,2015,2022,2029,2029,2020,2015,2028,2032,2023,2019,2027,2031,2023,2022,2031
2023,2023,2026,2027,2021,2025,2022,2020,2021,2030,2030,2022,2015,2026,2032,2030,2015,2019,2032,2034
2017,2019,2029,2035,2029,2020,2020,2027,2019,2016,2023,2032,2032,2030,2026,2018,2025,2031,2023,2020
2023,2026,2025,2025,2023,2025,2023,2018,2023,2026,2025,2022,2031,2030,2025,2023,2028,2029,2026,2023
2026,2025,2023,2023,2025,2026,2025,2021,2026,2032,2026,2016,2021,2027,2028,2023,2027,2016,2021,2023
2023,2029,2030,2027,2018,2021,2023,2026,2027,2030,2023,2019,2019,2027,2027,2025,2027,2043,2021,2022
# fin