# captura fs=20000 n=400 emision=1
2034,2019,2035,2034,2035,2034,2034,2026,2064,2085,2054,1984,1935,1989,2043,2019,2063,2178,2194,2096
2000,1904,1919,1961,1947,2088,2192,2119,2055,2068,2032,1966,2013,2064,2003,1984,2062,2090,2081,2091
2026,2000,1983,2017,2053,2073,2065,1980,2000,2107,2134,2090,1983,1935,2014,2047,2053,2038,1968,2070
2148,2099,2030,1915,1999,2109,2085,2020,1935,2033,2195,2105,1949,1919,2030,2142,2017,1885,2045,2226
2103,1904,1974,2145,2111,1968,1982,2047,2045,2021,2007,2033,2064,2054,2032,2055,2055,2033,2022,2032
2039,2034,2029,2027,2039,2059,2035,2022,2031,2034,2039,2035,2033,2032,2032,2033,2039,2054,2054,2034
2028,2026,2026,2029,2037,2038,2033,2038,2038,2036,2036,2044,2044,2035,2032,2026,2032,2033,2033,2042
2041,2031,2027,2037,2047,2043,2034,2032,2037,2034,2032,2034,2043,2043,2032,2027,2026,2039,2039,2038
2037,2037,2035,2035,2038,2032,2034,2033,2035,2031,2031,2032,2032,2034,2036,2032,2032,2041,2043,2038
2032,2032,2032,2034,2033,2034,2034,2037,2032,2033,2035,2032,2037,2037,2032,2031,2032,2034,2039,2035
2037,2032,2032,2033,2033,2037,2032,2032,2034,2033,2038,2034,2033,2033,2033,2032,2032,2037,2039,2034
2032,2035,2037,2032,2034,2033,2033,2033,2032,2035,2039,2038,2037,2034,2038,2038,2032,2032,2033,2032
2033,2039,2039,2035,2034,2034,2033,2035,2032,2033,2033,2032,2039,2041,2035,2032,2031,2032,2037,2037
2031,2032,2035,2037,2042,2038,2032,2029,2033,2035,2032,2032,2036,2041,2033,2032,2034,2036,2038,2042
2031,2032,2035,2042,2039,2032,2032,2037,2043,2032,2031,2032,2041,2032,2035,2037,2041,2039,2032,2032
2030,2035,2042,2035,2032,2032,2035,2035,2038,2036,2032,2032,2031,2032,2042,2035,2032,2032,2038,2034
2029,2032,2038,2043,2039,2033,2032,2038,2033,2032,2035,2039,2038,2032,2031,2033,2044,2043,2033,2032
2034,2035,2036,2037,2042,2039,2034,2032,2033,2038,2038,2034,2038,2039,2034,2037,2036,2038,1997,2033
2035,2037,2033,2039,2035,2034,2031,2034,2043,2047,2041,2029,2027,2039,2045,2039,2037,2037,2034,2032
2033,2037,2035,2037,2039,2033,2032,2032,2034,2037,2039,2032,2031,2041,2042,2033,2034,2037,2041,2035
# fin