# captura fs=20000 n=400 emision=1
2027,2021,2026,2027,2027,2028,2026,2019,2046,2078,2035,1968,1921,1978,2034,2005,2047,2172,2186,2082
1985,1891,1905,1942,1936,2078,2179,2106,2041,2064,2023,1952,2003,2047,1986,1969,2045,2075,2070,2071
2017,1971,1973,2003,2035,2064,2059,1962,1983,2091,2123,2078,1974,1933,2006,2032,2027,2019,1955,2073
2147,2099,2018,1898,1968,2090,2079,2021,1932,2031,2186,2086,1930,1912,2031,2135,2007,1872,2036,2214
2089,1895,1977,2134,2088,1945,1973,2047,2044,2015,2001,2022,2046,2035,2027,2042,2038,2018,2009,2013
2028,2022,2017,2027,2034,2035,2021,2014,2027,2027,2025,2027,2027,2022,2020,2022,2033,2032,2032,2027
2022,2019,2021,2026,2027,2022,2015,2025,2032,2027,2021,2026,2034,2027,2020,2021,2023,2026,2028,2032
2025,2019,2022,2029,2032,2028,2027,2023,2026,2031,2032,2029,2025,2028,2029,2025,2024,2022,2026,2027
2030,2030,2027,2022,2027,2025,2026,2026,2031,2030,2022,2023,2025,2023,2027,2025,2021,2028,2032,2027
2020,2018,2026,2026,2023,2025,2027,2026,2021,2021,2021,2023,2027,2027,2025,2022,2027,2025,2027,2022
2023,2025,2028,2022,2019,2023,2032,2027,2023,2021,2026,2026,2025,2028,2031,2023,2021,2021,2025,2027
2022,2028,2029,2022,2021,2022,2026,2027,2021,2026,2031,2027,2029,2029,2031,2024,2023,2017,2019,2023
2023,2026,2030,2032,2031,2026,2018,2021,2027,2024,2023,2027,2027,2031,2030,2026,2023,2021,2027,2025
2022,2019,2031,2032,2032,2029,2026,2021,2032,2030,2019,2022,2031,2031,2031,2029,2027,2021,2032,2031
2030,2021,2027,2031,2031,2026,2026,2032,2028,2018,2021,2032,2031,2026,2022,2025,2032,2027,2018,2022
2031,2029,2027,2021,2027,2031,2023,2027,2023,2029,2030,2023,2016,2025,2031,2032,2021,2019,2032,2029
2023,2019,2027,2031,2030,2026,2025,2021,2026,2027,2030,2023,2027,2031,2023,2023,2027,2030,2023,2022
2021,2027,2029,2031,2027,2029,2026,2022,2025,2023,2027,2026,2027,2031,2029,2023,2028,2030,2027,2030
2029,2032,2023,2023,2029,1969,2021,2019,2029,2037,2027,2015,2015,2025,2031,2030,2030,2027,2024,2026
2026,2027,2026,2025,2027,2028,2022,2024,2025,2029,2026,2023,2021,2031,2026,2025,2023,2027,2027,2022
# fin